0100F030
0100E02F
0100D02E
0100C02D
0100B02C
0100A02B
0100902A
01008029
01007028
01006027
01005026
01004025
01003024
01002023
01001022
01000021
00000030
0010002F
0020002E
0030002D
0040002C
0050002B
0060002A
00700029
00800028
00900027
00A00026
00B00025
00C00024
00D00023
00E00022
00F00021
06000000
00000000
00000000
00000000
00000000
00000000
00000000
00000000
00000000
00000000
00000000
00000000
00000000
00000000
00000000
00000000
00000000
00000000
00000000
00000000
00000000
00000000
00000000
00000000
00000000
00000000
00000000