0100f030 0 ST0 1 2 8 9
0100e02f 1 ST0 10 11 17 18
0100d02e 2 ST0 19 20 26 27
0100c02d 3 ST0 28 29 35 36
0100b02c 4 ST0 37 38 44 45
0100a02b 5 ST0 46 47 53 54
0100902a 6 ST0 55 56 62 63
01008029 7 ST0 64 65 71 72
01007028 8 ST0 73 74 80 81
01006027 9 ST0 82 83 89 90
01005026 10 ST0 91 92 98 99
01004025 11 ST0 100 101 107 108
01003024 12 ST0 109 110 116 117
01002023 13 ST0 118 119 125 126
01001022 14 ST0 127 128 134 135
01000021 15 ST0 136 137 143 144
00000030 16 LD0 137 138 144 145
0010002f 17 LD1 138 139 145 146
0020002e 18 LD0 146 147 153 154
0030002d 19 LD1 147 148 154 155
0040002c 20 LD0 155 156 162 163
0050002b 21 LD1 156 157 163 164
0060002a 22 LD0 164 165 171 172
00700029 23 LD1 165 166 172 173
00800028 24 LD0 173 174 180 181
00900027 25 LD1 174 175 181 182
00a00026 26 LD0 182 183 189 190
00b00025 27 LD1 183 184 190 191
00c00024 28 LD0 191 192 198 199
00d00023 29 LD1 192 193 199 200
00e00022 30 LD0 200 201 207 208
00f00021 31 LD1 201 202 208 209
